#	A	C	D	E	F	G	H	I	K	L	M	N	P	Q	R	S	T	V	W	Y
sp|Q9NQ94|A1CF_HUMAN	0.10101010101010101	0.008417508417508417	0.04377104377104377	0.06397306397306397	0.03198653198653199	0.09427609427609428	0.013468013468013467	0.050505050505050504	0.06228956228956229	0.07744107744107744	0.026936026936026935	0.04040404040404041	0.06228956228956229	0.03872053872053872	0.05387205387205387	0.04040404040404041	0.06228956228956229	0.06902356902356903	0.006734006734006734	0.05218855218855219
sp|A8K2U0|A2ML1_HUMAN	0.06258596973865199	0.0171939477303989	0.0453920220082531	0.05570839064649243	0.04607977991746905	0.06671251719394773	0.016506189821182942	0.04470426409903714	0.05364511691884457	0.09903713892709766	0.021320495185694635	0.04126547455295736	0.05845942228335626	0.05639614855570839	0.02888583218707015	0.08390646492434663	0.06946354883081156	0.07840440165061899	0.011691884456671253	0.04264099037138927
sp|O15254|ACOX3_HUMAN	0.09428571428571429	0.018571428571428572	0.05	0.05857142857142857	0.05142857142857143	0.07142857142857142	0.027142857142857142	0.032857142857142856	0.047142857142857146	0.13142857142857142	0.017142857142857144	0.025714285714285714	0.04857142857142857	0.03857142857142857	0.05857142857142857	0.08285714285714285	0.032857142857142856	0.06714285714285714	0.012857142857142857	0.032857142857142856
sp|P86434|AAS1_HUMAN	0.08176100628930817	0.050314465408805034	0.025157232704402517	0.06289308176100629	0.018867924528301886	0.10062893081761007	0.031446540880503145	0.025157232704402517	0.031446540880503145	0.06918238993710692	0.006289308176100629	0.031446540880503145	0.1069182389937107	0.05660377358490566	0.0440251572327044	0.0880503144654088	0.06918238993710692	0.03773584905660377	0.050314465408805034	0.012578616352201259
sp|P05408|7B2_HUMAN	0.05660377358490566	0.009433962264150943	0.07075471698113207	0.07075471698113207	0.03773584905660377	0.08962264150943396	0.03773584905660377	0.02830188679245283	0.05188679245283019	0.08962264150943396	0.02830188679245283	0.04245283018867924	0.09433962264150944	0.04716981132075472	0.05660377358490566	0.05660377358490566	0.0330188679245283	0.05660377358490566	0.014150943396226415	0.02830188679245283
sp|P0DMS8|AA3R_HUMAN	0.05660377358490566	0.031446540880503145	0.018867924528301886	0.025157232704402517	0.0660377358490566	0.03459119496855346	0.018867924528301886	0.09119496855345911	0.0440251572327044	0.1509433962264151	0.0440251572327044	0.04716981132075472	0.02830188679245283	0.009433962264150943	0.031446540880503145	0.07861635220125786	0.06289308176100629	0.09433962264150944	0.015723270440251572	0.050314465408805034
sp|Q8N0Z2|ABRA_HUMAN	0.06036745406824147	0.010498687664041995	0.05511811023622047	0.09186351706036745	0.01837270341207349	0.08398950131233596	0.03412073490813648	0.04199475065616798	0.07349081364829396	0.05774278215223097	0.023622047244094488	0.02099737532808399	0.06299212598425197	0.05774278215223097	0.08398950131233596	0.07086614173228346	0.049868766404199474	0.06036745406824147	0.02099737532808399	0.02099737532808399
sp|Q16671|AMHR2_HUMAN	0.08376963350785341	0.04363001745200698	0.04537521815008726	0.059336823734729496	0.02617801047120419	0.07853403141361257	0.02268760907504363	0.031413612565445025	0.012216404886561954	0.13961605584642234	0.012216404886561954	0.015706806282722512	0.10645724258289703	0.055846422338568937	0.06980802792321117	0.07155322862129145	0.04712041884816754	0.03664921465968586	0.02268760907504363	0.019197207678883072
sp|Q9GZX7|AICDA_HUMAN	0.050505050505050504	0.03535353535353535	0.06565656565656566	0.050505050505050504	0.0707070707070707	0.045454545454545456	0.025252525252525252	0.025252525252525252	0.04040404040404041	0.12626262626262627	0.015151515151515152	0.045454545454545456	0.025252525252525252	0.015151515151515152	0.13131313131313133	0.050505050505050504	0.045454545454545456	0.050505050505050504	0.030303030303030304	0.05555555555555555
sp|Q86TY3|ARMD4_HUMAN	0.06847545219638243	0.003875968992248062	0.059431524547803614	0.12403100775193798	0.028423772609819122	0.06330749354005168	0.011627906976744186	0.031007751937984496	0.040051679586563305	0.082687338501292	0.03359173126614987	0.027131782945736434	0.06330749354005168	0.04780361757105943	0.03359173126614987	0.09560723514211886	0.1020671834625323	0.06718346253229975	0.006459948320413436	0.0103359173126615
